name;turning-left-and-right;tunnel;zig-zag;triple-slalom;diamonds-with-signals;wormhole-cloud;two-color-tracks;shooting;diamond-lines;n;beware-of-asteroid;shot;ladder;wormhole-demo;yellow-is-not-red;2diamonds-2meteorids;five-diamonds;steal-the-nose;dont-forget-shot;three-steps-forward;turning-right-and-left;on-yellow-to-left;slalom-position-testing;edge-wormholes;diamond-on-right;diamonds-in-meteoroid-cloud;six-diamonds;cross-2;big-slalom;direction-change;bouncing-from-edge;plan-your-shooting;yellow-hint;diamond-path;colorful-flowers;turning-left;chessboard;find-the-path;arrow;turning-right;double-bend;edge-to-edge;one-step-forward;diamond-cross;stairs;direct-flight-ahead;diagonal-diamonds;color-slalom;two-bit-instructions;two-diamonds;red-shooting;diamonds-on-yellow;diagonal-lines;clean-your-path;triple-steps;color-navigation;follow-colors;meteoroids-on-left;collect-diamonds;diamond-ring;maneuvers-on-left;zig-zag-plus;triangle;rectangle;wave;surrounded-diamond;plus;meteoroids-and-wormholes;letter-h;stripes;narrow-passage;big-right-turn;big-left-turn;four-vs;stop-on-red;turning-in-square;double-track;blocked-wormhole;letter-d;yellow-squares;free-column;last-shot;letter-e;belgian-flag;mirror;diamond-in-house;
turning-left-and-right;0.0;1.55403279159;1.20056613385;1.26718625136;1.47236374196;0.980258143469;1.85945285616;1.36081002665;1.54992421414;1.60208209012;0.0;1.26718625136;1.38629436112;0.899587084003;1.60570852757;1.48692286956;1.44437322378;1.06080534582;1.06080534582;1.20056613385;0.0;1.62736228375;1.60208209012;1.96051628694;0.899587084003;1.20056613385;1.69785690902;2.62068364415;1.54992421414;1.70127920564;1.60208209012;1.62736228375;1.70127920564;0.803028622037;2.19457581123;0.803028622037;1.54992421414;1.20056613385;2.10762765274;0.803028622037;1.54992421414;2.02229252195;0.980258143469;1.09861228867;1.47236374196;1.38629436112;2.14050295731;1.70127920564;2.74940402398;1.62736228375;2.1377839129;1.76883040919;2.66278093826;1.52717285942;1.96051628694;2.19457581123;2.23440270846;1.8437861361;1.5002053071;1.38629436112;1.96051628694;1.8437861361;1.38629436112;1.67711357888;1.7489290693;1.0019933429;0.899587084003;1.76883040919;2.02229252195;1.29900037519;1.69785690902;1.09861228867;1.38629436112;1.54992421414;2.00490870547;2.33688210208;1.88446183878;1.62736228375;1.96348082837;1.89979315464;1.83389506173;0.980258143469;1.69785690902;2.30680718123;3.00397190947;2.11860309618;2.11860309618
tunnel;1.55403279159;0.0;2.10201592575;1.92145127578;2.14076456109;1.98444398716;2.15705378539;1.20586561835;2.31934839555;2.28363198131;1.55403279159;1.70127920564;1.88127773158;1.76883040919;2.15974856988;0.712815366416;2.17589568043;1.94257972405;0.853004069522;2.10201592575;1.55403279159;2.37179676889;2.28363198131;2.61165388628;1.76883040919;1.58008192713;2.42070857268;2.95311812954;2.31934839555;2.42311015967;2.28363198131;2.0653575599;2.42311015967;1.4727440322;2.68908551529;1.81470740627;2.31934839555;1.58008192713;1.70886345197;1.81470740627;2.31934839555;2.65834139167;2.12134672583;1.90314657296;2.14076456109;2.33688210208;2.64514098445;2.30420677303;2.77914095377;2.37179676889;2.37179676889;2.4710064603;3.06755707689;1.7489290693;2.61165388628;2.68908551529;2.72168576087;1.79865098387;2.00200551079;2.0825056958;2.21335129747;2.39145382779;2.0825056958;2.02516663422;2.26825194787;1.53204335039;1.76883040919;2.04549770745;2.14076456109;2.15974856988;2.42070857268;1.90314657296;2.0825056958;2.31934839555;2.3039637274;2.74722259174;2.44258353781;2.0653575599;2.5040516929;2.28617756924;2.23171793583;0.944466990696;2.42070857268;2.66059569892;3.28348250104;2.67147657331;2.67147657331
zig-zag;1.20056613385;2.10201592575;0.0;1.29900037519;1.06080534582;1.54992421414;2.21335129747;1.96348082837;1.38629436112;2.1377839129;1.20056613385;1.89979315464;1.83389506173;1.67711357888;1.23925496513;2.05289859827;1.47236374196;1.76883040919;1.60208209012;1.96051628694;1.20056613385;1.26718625136;1.06080534582;2.07944154168;1.67711357888;1.69785690902;1.20056613385;3.04470816866;1.69785690902;1.13565396826;1.74560019403;2.02229252195;1.13565396826;1.44437322378;1.83706394811;1.62736228375;1.38629436112;1.38629436112;2.53880825534;1.62736228375;1.69785690902;1.29900037519;1.54992421414;1.62736228375;2.1377839129;1.20056613385;1.88127773158;1.13565396826;2.5240076845;1.26718625136;1.76883040919;1.06080534582;2.03126641841;1.94257972405;1.83389506173;1.83706394811;1.80051486384;2.3244354907;2.06253945374;1.83389506173;2.07944154168;1.96977164402;1.83389506173;2.19457581123;1.88127773158;1.56376139515;1.13565396826;1.44437322378;1.89979315464;1.76883040919;1.54992421414;1.62736228375;1.83389506173;1.69785690902;1.72543093468;2.10201592575;2.43997161693;2.02229252195;1.67711357888;1.60208209012;1.69785690902;1.54992421414;1.54992421414;1.88961839605;2.69687699835;1.44437322378;1.44437322378
triple-slalom;1.26718625136;1.92145127578;1.29900037519;0.0;1.13565396826;1.26718625136;1.42032597605;1.76883040919;1.44437322378;1.38629436112;1.26718625136;1.69785690902;1.60208209012;1.44437322378;0.899587084003;1.86759115116;0.69314718056;1.20056613385;1.6525946198;1.5763965378;1.26718625136;1.33047470834;1.67711357888;2.02229252195;1.44437322378;1.44437322378;1.76883040919;2.52757784143;1.62736228375;1.20586561835;1.94257972405;1.6525946198;1.20586561835;1.5002053071;1.88127773158;1.38629436112;1.44437322378;1.62736228375;1.86759115116;1.38629436112;1.62736228375;1.83706394811;1.60208209012;1.13565396826;1.29943140275;1.26718625136;1.9244759955;0.70228616794;2.37573543235;1.33047470834;1.81470740627;1.67711357888;2.41110871537;1.55403279159;1.76883040919;1.88127773158;1.84560443454;1.56376139515;1.26718625136;1.26718625136;1.72205663621;1.82653978926;1.26718625136;1.60208209012;1.36081002665;1.61547257942;1.72543093468;1.5002053071;1.94257972405;1.33047470834;1.60208209012;1.13565396826;1.26718625136;1.62736228375;1.5002053071;1.90314657296;1.53743576187;1.6525946198;1.72543093468;1.6525946198;1.74560019403;1.60208209012;1.60208209012;1.93263023794;2.72718673693;1.5002053071;1.5002053071
diamonds-with-signals;1.47236374196;2.14076456109;1.06080534582;1.13565396826;0.0;1.76883040919;1.7724316247;2.00490870547;1.06080534582;2.17589568043;1.47236374196;1.94257972405;2.02229252195;1.72543093468;0.899587084003;2.0925569547;1.33047470834;1.81470740627;1.81470740627;1.89979315464;1.47236374196;0.69314718056;1.13565396826;2.24734800869;1.72543093468;1.89979315464;1.26718625136;2.60857874115;2.1377839129;1.06080534582;1.94257972405;2.19457581123;1.06080534582;1.67711357888;1.20586561835;1.67711357888;1.06080534582;1.89979315464;2.5709821686;1.67711357888;2.1377839129;1.67711357888;1.76883040919;1.83706394811;2.08223677263;1.26718625136;1.36081002665;1.06080534582;1.81880808644;0.69314718056;1.09912190249;0.980258143469;1.4592116505;2.12134672583;1.87818344453;1.20586561835;0.861043455241;2.35953434057;2.10201592575;2.02229252195;1.60208209012;2.35953434057;2.02229252195;2.23171793583;1.9244759955;1.78096761561;1.72543093468;1.5002053071;1.67711357888;1.96348082837;1.26718625136;1.83706394811;2.02229252195;2.1377839129;1.5002053071;1.52717285942;2.39145382779;2.19457581123;1.06080534582;1.20056613385;1.44437322378;1.76883040919;1.26718625136;1.03450458655;2.05197310122;1.29943140275;1.29943140275
wormhole-cloud;0.980258143469;1.98444398716;1.54992421414;1.26718625136;1.76883040919;0.0;1.85945285616;1.67711357888;1.83389506173;0.803028622037;0.980258143469;1.26718625136;0.980258143469;1.52717285942;1.88127773158;1.78096761561;1.06080534582;1.06080534582;1.62736228375;1.20056613385;0.980258143469;1.62736228375;1.87818344453;1.69785690902;1.52717285942;1.20056613385;1.96051628694;2.51115287661;1.20056613385;1.70127920564;1.60208209012;1.06080534582;1.96348082837;1.60208209012;2.40355341506;0.803028622037;1.54992421414;1.20056613385;1.78096761561;1.26718625136;1.20056613385;2.24734800869;0.980258143469;0.803028622037;1.26718625136;1.38629436112;2.35428522871;1.70127920564;2.91892591802;1.62736228375;2.35181336123;2.02229252195;2.93485985117;0.899587084003;1.69785690902;2.40355341506;2.43997161693;1.4592116505;1.13565396826;0.980258143469;1.96051628694;1.6405464437;0.980258143469;1.13565396826;1.7489290693;1.58965111897;1.52717285942;2.02229252195;2.02229252195;1.06080534582;1.96051628694;0.803028622037;0.980258143469;1.20056613385;2.00490870547;2.33688210208;1.14893068513;1.06080534582;2.19457581123;1.89979315464;1.83389506173;1.69785690902;1.69785690902;2.61617266101;3.24759099237;2.11860309618;2.11860309618
two-color-tracks;1.85945285616;2.15705378539;2.21335129747;1.42032597605;1.7724316247;1.85945285616;0.0;2.30420677303;2.12134672583;1.72575545953;1.85945285616;2.37179676889;2.23171793583;1.98444398716;1.98765459423;2.08886636958;1.74924923472;1.74924923472;1.92145127578;2.24993464887;1.85945285616;2.04549770745;2.17589568043;1.81501596855;1.98444398716;1.98444398716;2.10201592575;2.17246151518;1.94286797802;2.32185482578;1.79207198273;2.19457581123;2.32185482578;1.79207198273;1.81821775872;2.02544313474;2.12134672583;2.0825056958;1.79977074206;2.02544313474;1.94286797802;2.74722259174;2.35428522871;1.5002053071;1.67711357888;2.35428522871;1.86287889355;1.81821775872;2.09282455175;2.04549770745;2.26825194787;2.02544313474;2.47713639319;1.89979315464;1.52753950465;1.81821775872;2.07295770087;1.55881936166;1.33089554258;1.52753950465;2.35428522871;1.90371056501;1.52753950465;2.10201592575;2.10504722034;1.84111483465;2.1377839129;2.48747138796;2.59800075037;1.81470740627;2.00490870547;1.5002053071;1.52753950465;1.94286797802;2.55270793741;1.90314657296;1.75318361114;2.19457581123;1.81821775872;2.3889455607;2.45420291582;1.96376601435;2.00490870547;1.99207171603;2.36341777295;2.50150395422;2.50150395422
shooting;1.36081002665;1.20586561835;1.96348082837;1.76883040919;2.00490870547;1.67711357888;2.30420677303;0.0;1.81470740627;2.02229252195;1.36081002665;0.803028622037;1.13565396826;1.17104693104;2.02516663422;1.60943791243;1.89979315464;1.29900037519;1.55403279159;1.33047470834;1.36081002665;2.12134672583;2.35428522871;2.50150395422;1.17104693104;0.899587084003;2.30143781257;2.85616748429;2.19457581123;2.17856715852;2.35428522871;1.41993164713;1.9455715963;1.7489290693;2.58224067814;1.47236374196;2.06253945374;1.52717285942;2.12417100292;1.09861228867;2.19457581123;2.5502088083;1.36081002665;1.7489290693;1.58008192713;1.67711357888;2.53644570983;2.17856715852;2.74940402398;2.12134672583;1.98444398716;2.35428522871;3.17275814392;1.79531469201;2.50150395422;2.58224067814;2.61617266101;1.99038722581;2.08223677263;1.94257972405;1.6277063612;2.52498301585;1.94257972405;1.36081002665;2.14050295731;2.03126641841;1.9455715963;1.58008192713;1.60208209012;1.60570852757;1.94257972405;1.7489290693;1.94257972405;2.19457581123;1.7489290693;2.80622805215;2.20020598068;1.41993164713;2.3889455607;1.72543093468;1.6525946198;1.13565396826;2.17589568043;2.78123305262;3.38197355911;2.62723752272;2.62723752272
diamond-lines;1.54992421414;2.31934839555;1.38629436112;1.44437322378;1.06080534582;1.83389506173;2.12134672583;1.81470740627;0.0;2.22911015723;1.54992421414;1.74560019403;1.83389506173;1.5002053071;1.3908863733;2.42558309781;1.60208209012;1.60208209012;2.11860309618;1.69785690902;1.54992421414;1.26718625136;1.29900037519;2.07944154168;1.5002053071;1.69785690902;1.20056613385;2.19270117141;2.19192384429;1.5002053071;1.89979315464;2.02229252195;1.13565396826;1.89979315464;1.67711357888;1.74560019403;0.980258143469;1.96051628694;2.79379051112;1.44437322378;2.19192384429;1.44437322378;1.54992421414;1.89979315464;1.89979315464;1.20056613385;1.41993164713;1.5002053071;2.20172994951;1.26718625136;1.26718625136;1.44437322378;2.0925569547;2.30143781257;2.07944154168;1.67711357888;1.51028068486;2.52267841357;2.28363198131;2.07944154168;1.20056613385;2.52267841357;2.07944154168;2.06253945374;1.55403279159;2.16252269434;1.94257972405;1.06080534582;1.29900037519;1.76883040919;0.69314718056;1.89979315464;2.07944154168;2.19192384429;1.55403279159;1.58008192713;2.43997161693;2.02229252195;1.13565396826;1.26718625136;0.980258143469;1.83389506173;1.20056613385;1.78096761561;2.18843311425;1.89979315464;1.89979315464
n;1.60208209012;2.28363198131;2.1377839129;1.38629436112;2.17589568043;0.803028622037;1.72575545953;2.02229252195;2.22911015723;0.0;1.60208209012;1.69785690902;1.26718625136;1.89979315464;2.19457581123;2.10921851303;1.20056613385;1.20056613385;2.06253945374;1.5763965378;1.60208209012;2.06253945374;2.38650959352;1.76883040919;1.89979315464;1.44437322378;2.4518317846;2.41382595717;1.29900037519;2.12134672583;1.94257972405;1.09912190249;2.33688210208;2.04265220219;2.71713636292;1.38629436112;2.00200551079;1.62736228375;1.48917696502;1.69785690902;1.29900037519;2.68671324499;1.60208209012;0.853004069522;1.06133311333;1.87818344453;2.67365291946;1.88127773158;3.13002964886;2.06253945374;2.67147657331;2.50150395422;3.28348250104;0.944466990696;1.76883040919;2.71713636292;2.74940402398;1.08402076835;0.803028622037;0.803028622037;2.2107218536;1.62113938945;0.803028622037;1.02160021664;1.83706394811;2.03291703611;2.12134672583;2.38650959352;2.38650959352;1.09912190249;2.33439180666;0.853004069522;0.803028622037;1.29900037519;2.30143781257;2.4710064603;0.364079688122;1.09912190249;2.53415153195;2.28363198131;2.22911015723;2.11860309618;2.11860309618;2.90690907801;3.48605912878;2.46865146888;2.46865146888
beware-of-asteroid;0.0;1.55403279159;1.20056613385;1.26718625136;1.47236374196;0.980258143469;1.85945285616;1.36081002665;1.54992421414;1.60208209012;0.0;1.26718625136;1.38629436112;0.899587084003;1.60570852757;1.48692286956;1.44437322378;1.06080534582;1.06080534582;1.20056613385;0.0;1.62736228375;1.60208209012;1.96051628694;0.899587084003;1.20056613385;1.69785690902;2.62068364415;1.54992421414;1.70127920564;1.60208209012;1.62736228375;1.70127920564;0.803028622037;2.19457581123;0.803028622037;1.54992421414;1.20056613385;2.10762765274;0.803028622037;1.54992421414;2.02229252195;0.980258143469;1.09861228867;1.47236374196;1.38629436112;2.14050295731;1.70127920564;2.74940402398;1.62736228375;2.1377839129;1.76883040919;2.66278093826;1.52717285942;1.96051628694;2.19457581123;2.23440270846;1.8437861361;1.5002053071;1.38629436112;1.96051628694;1.8437861361;1.38629436112;1.67711357888;1.7489290693;1.0019933429;0.899587084003;1.76883040919;2.02229252195;1.29900037519;1.69785690902;1.09861228867;1.38629436112;1.54992421414;2.00490870547;2.33688210208;1.88446183878;1.62736228375;1.96348082837;1.89979315464;1.83389506173;0.980258143469;1.69785690902;2.30680718123;3.00397190947;2.11860309618;2.11860309618
shot;1.26718625136;1.70127920564;1.89979315464;1.69785690902;1.94257972405;1.26718625136;2.37179676889;0.803028622037;1.74560019403;1.69785690902;1.26718625136;0.0;0.803028622037;1.29900037519;1.96348082837;1.79865098387;1.54992421414;1.20056613385;1.81470740627;0.750475841535;1.26718625136;1.81470740627;2.30143781257;2.4518317846;1.29900037519;1.06080534582;2.24734800869;2.81276550131;2.1377839129;1.88127773158;2.30143781257;1.17104693104;1.88127773158;1.94257972405;2.53415153195;0.980258143469;1.74560019403;1.62736228375;2.27089352843;0.980258143469;2.1377839129;2.50150395422;0.803028622037;1.67711357888;1.5002053071;1.26718625136;2.48747138796;2.12134672583;2.80629177868;1.81470740627;2.06253945374;2.30143781257;3.22218020909;1.60570852757;2.4518317846;2.53415153195;2.56871883616;2.06825829352;2.02229252195;1.87818344453;1.41582944965;2.58681083389;1.87818344453;1.09861228867;2.08223677263;2.10762765274;2.02516663422;1.67711357888;1.5002053071;1.52717285942;1.87818344453;1.67711357888;1.87818344453;2.1377839129;1.55367239842;2.76204144568;1.9062941527;1.17104693104;2.33688210208;1.52717285942;1.44437322378;1.60208209012;1.87818344453;2.83748274938;3.42838099028;2.38650959352;2.38650959352
ladder;1.38629436112;1.88127773158;1.83389506173;1.60208209012;2.02229252195;0.980258143469;2.23171793583;1.13565396826;1.83389506173;1.26718625136;1.38629436112;0.803028622037;0.0;1.52717285942;2.12134672583;1.96977164402;1.44437322378;1.06080534582;1.89979315464;1.20056613385;1.38629436112;1.89979315464;2.24734800869;1.96051628694;1.52717285942;0.69314718056;2.19192384429;2.69569931512;1.54992421414;1.96348082837;2.02229252195;0.405465108108;1.96348082837;2.02229252195;2.59576097646;1.26718625136;1.83389506173;1.20056613385;1.88961839605;1.26718625136;1.54992421414;2.4518317846;0.980258143469;1.26718625136;1.26718625136;1.38629436112;2.5502088083;1.96348082837;2.91892591802;1.89979315464;2.1377839129;2.24734800869;3.18377172028;1.17104693104;1.96051628694;2.59576097646;2.6295184957;1.6405464437;1.67711357888;1.38629436112;1.69785690902;2.05289859827;1.38629436112;0.573414254956;2.00490870547;2.18131735028;1.96348082837;1.76883040919;1.60208209012;1.06080534582;1.96051628694;1.26718625136;1.38629436112;1.54992421414;1.7489290693;2.64272926723;1.51028068486;0.405465108108;2.40355341506;1.62736228375;1.54992421414;1.69785690902;1.96051628694;2.89263883211;3.47416857313;2.4518317846;2.4518317846
wormhole-demo;0.899587084003;1.76883040919;1.67711357888;1.44437322378;1.72543093468;1.52717285942;1.98444398716;1.17104693104;1.5002053071;1.89979315464;0.899587084003;1.29900037519;1.52717285942;0.0;1.7489290693;1.99038722581;1.76883040919;0.803028622037;1.60208209012;1.13565396826;0.899587084003;2.00490870547;2.12134672583;2.28363198131;0.0;1.13565396826;2.06253945374;2.6674230432;1.94257972405;2.0653575599;2.12134672583;1.7489290693;1.65611045206;1.20586561835;2.37179676889;1.29900037519;1.94257972405;1.67711357888;2.42558309781;0.405465108108;1.94257972405;2.33688210208;1.17104693104;1.41993164713;1.20586561835;1.52717285942;2.32185482578;1.9244759955;2.83543215418;2.00490870547;2.10201592575;2.12134672583;2.94873588595;2.0653575599;2.28363198131;2.37179676889;2.40869516238;2.10762765274;1.81470740627;1.6525946198;1.92145127578;2.2370043173;1.6525946198;1.70127920564;1.88127773158;1.65972658829;1.55367239842;1.72543093468;2.12134672583;1.23925496513;1.6525946198;1.41993164713;1.6525946198;1.94257972405;2.02516663422;2.61388004196;2.08816985505;1.7489290693;2.15974856988;2.00490870547;1.94257972405;1.09912190249;2.06253945374;2.52267841357;3.17275814392;2.53415153195;2.53415153195
yellow-is-not-red;1.60570852757;2.15974856988;1.23925496513;0.899587084003;0.899587084003;1.88127773158;1.98765459423;2.02516663422;1.3908863733;2.19457581123;1.60570852757;1.96348082837;2.12134672583;1.7489290693;0.0;2.11197433407;1.13565396826;1.83706394811;1.9244759955;1.85945285616;1.60570852757;1.13565396826;1.63127583515;2.64272926723;1.7489290693;2.00490870547;1.72543093468;2.98063561094;2.35428522871;0.803028622037;2.3889455607;2.28617756924;0.803028622037;1.79531469201;1.68091130171;1.70127920564;1.3908863733;2.14050295731;2.58681083389;1.70127920564;2.35428522871;1.63127583515;1.88127773158;1.9455715963;2.04549770745;1.20586561835;1.79531469201;0.803028622037;2.17931684182;1.13565396826;1.60605724407;1.52717285942;2.18423859283;2.21597762129;2.33688210208;1.68091130171;1.58478982245;2.37677160944;2.12134672583;2.12134672583;1.67744745139;2.55733087108;2.12134672583;2.24993464887;1.70127920564;1.89269398867;1.98737283624;1.33047470834;1.90314657296;2.0653575599;1.55403279159;1.9455715963;2.12134672583;2.35428522871;1.20056613385;2.02544313474;2.35953434057;2.28617756924;1.58008192713;1.5002053071;1.70160833662;1.88127773158;1.55403279159;1.68533755941;2.55789963655;0.9873089037;0.9873089037
2diamonds-2meteorids;1.48692286956;0.712815366416;2.05289859827;1.86759115116;2.0925569547;1.78096761561;2.08886636958;1.60943791243;2.42558309781;2.10921851303;1.48692286956;1.79865098387;1.96977164402;1.99038722581;2.11197433407;0.0;1.99207171603;2.06825829352;0.736884594881;2.08816985505;1.48692286956;2.20437011924;2.14398059581;2.5722864779;1.99038722581;1.8437861361;2.3781824355;2.91836056541;2.27492828076;2.2594890032;2.14398059581;2.14627497691;2.52498301585;1.45352906628;2.65086827497;1.58965111897;2.14783721208;1.6405464437;1.62483335714;1.94865064976;2.27492828076;2.61967567789;2.10762765274;1.84875325039;2.25542663157;2.3244354907;2.6062794421;2.2594890032;2.81395774283;2.20437011924;2.55505544601;2.42936095085;3.01999802928;1.50902243204;2.5722864779;2.65086827497;2.68393276436;1.73655842567;1.84111483465;2.03291703611;2.28904311717;2.3301358517;2.03291703611;2.10762765274;2.2228109685;1.23925496513;1.68500525026;2.25542663157;2.27089352843;2.27345337966;2.52267841357;1.84875325039;2.03291703611;2.27492828076;2.37677160944;2.63228222988;2.28036007;2.14627497691;2.46296499841;2.35953434057;2.30680718123;1.28407384018;2.25691331325;2.60561914908;3.2390954002;2.44056773269;2.44056773269
five-diamonds;1.44437322378;2.17589568043;1.47236374196;0.69314718056;1.33047470834;1.06080534582;1.74924923472;1.89979315464;1.60208209012;1.20056613385;1.44437322378;1.54992421414;1.44437322378;1.76883040919;1.13565396826;1.99207171603;0.0;1.38629436112;1.94257972405;1.41582944965;1.44437322378;1.13565396826;1.81470740627;2.1377839129;1.76883040919;1.60208209012;1.89979315464;2.62089731932;1.76883040919;0.986741544477;2.06253945374;1.5002053071;1.3908863733;1.92145127578;2.00490870547;1.20056613385;1.26718625136;1.76883040919;1.99207171603;1.54992421414;1.76883040919;1.96348082837;1.44437322378;1.33047470834;1.4727440322;1.06080534582;2.04549770745;0.986741544477;2.47478723498;1.13565396826;1.94257972405;1.81470740627;2.61839497483;1.3908863733;1.89979315464;2.00490870547;1.97147374893;1.71049779739;1.44437322378;1.44437322378;1.5763965378;2.0925569547;1.44437322378;1.44437322378;1.52717285942;1.91109881005;2.00490870547;1.6525946198;1.81470740627;1.5002053071;1.74560019403;1.33047470834;1.44437322378;1.76883040919;1.33047470834;2.02544313474;1.37231764106;1.5002053071;1.85945285616;1.5002053071;1.60208209012;2.00200551079;1.44437322378;2.18577369449;2.91206018225;1.33047470834;1.33047470834
steal-the-nose;1.06080534582;1.94257972405;1.76883040919;1.20056613385;1.81470740627;1.06080534582;1.74924923472;1.29900037519;1.60208209012;1.20056613385;1.06080534582;1.20056613385;1.06080534582;0.803028622037;1.83706394811;2.06825829352;1.38629436112;0.0;1.79207198273;1.02160021664;1.06080534582;1.94257972405;2.19457581123;1.89979315464;0.803028622037;0.803028622037;2.1377839129;2.43067824497;1.47236374196;2.00490870547;1.96348082837;1.13565396826;1.7489290693;1.52717285942;2.43751327647;1.20056613385;1.87818344453;1.47236374196;1.99207171603;0.69314718056;1.47236374196;2.40355341506;1.06080534582;0.899587084003;0.497154833732;1.44437322378;2.3889455607;1.7489290693;2.8906273646;1.94257972405;2.17589568043;2.19457581123;3.05612471815;1.58008192713;1.89979315464;2.43751327647;2.47343151215;1.58965111897;1.29900037519;1.06080534582;1.85632218977;1.84875325039;1.06080534582;1.06080534582;1.70127920564;1.8437861361;1.7489290693;1.81470740627;2.06253945374;0.573414254956;1.74560019403;0.899587084003;1.06080534582;1.47236374196;1.96348082837;2.48747138796;1.37231764106;1.13565396826;2.23171793583;1.94257972405;1.87818344453;1.44437322378;2.00200551079;2.64740653208;3.27280448662;2.48513199929;2.48513199929
dont-forget-shot;1.06080534582;0.853004069522;1.60208209012;1.6525946198;1.81470740627;1.62736228375;1.92145127578;1.55403279159;2.11860309618;2.06253945374;1.06080534582;1.81470740627;1.89979315464;1.60208209012;1.9244759955;0.736884594881;1.94257972405;1.79207198273;0.0;2.02229252195;1.06080534582;2.08223677263;1.76914697304;2.22911015723;1.60208209012;1.60208209012;2.00200551079;2.82724083594;1.87818344453;2.14050295731;1.76914697304;2.08223677263;2.23171793583;0.803725676794;2.43751327647;1.52717285942;2.02229252195;1.26718625136;1.75598868324;1.6525946198;1.87818344453;2.28363198131;1.89979315464;1.52717285942;2.06253945374;2.1377839129;2.3889455607;2.00490870547;2.77914095377;2.08223677263;2.38650959352;2.06253945374;2.70643906381;1.58008192713;2.22911015723;2.43751327647;2.47343151215;1.73258629701;1.67744745139;1.74560019403;2.35181336123;1.9062941527;1.74560019403;2.12134672583;2.04549770745;0.728179962929;1.02160021664;2.06253945374;2.28363198131;1.94257972405;2.22911015723;1.52717285942;1.74560019403;1.87818344453;2.3889455607;2.45443108434;2.28879846132;2.08223677263;2.23171793583;2.30143781257;2.24734800869;0.750475841535;2.1377839129;2.35706797787;3.04273845636;2.36934317077;2.36934317077
three-steps-forward;1.20056613385;2.10201592575;1.96051628694;1.5763965378;1.89979315464;1.20056613385;2.24993464887;1.33047470834;1.69785690902;1.5763965378;1.20056613385;0.750475841535;1.20056613385;1.13565396826;1.85945285616;2.08816985505;1.41582944965;1.02160021664;2.02229252195;0.0;1.20056613385;1.76883040919;2.35181336123;2.49917770095;1.13565396826;1.38629436112;2.29890912241;2.71079984075;2.19192384429;1.83706394811;2.35181336123;1.47236374196;1.83706394811;1.89979315464;2.50150395422;0.750475841535;1.69785690902;1.96051628694;2.50644477282;0.750475841535;2.19192384429;2.54792702288;0.69314718056;1.62736228375;1.29900037519;1.20056613385;2.45420291582;2.08223677263;2.90490749178;1.76883040919;2.24734800869;2.35181336123;3.25835163553;1.83706394811;2.49917770095;2.50150395422;2.53651621428;2.20020598068;1.92145127578;1.83389506173;1.54992421414;2.63172953992;1.83389506173;1.33047470834;1.98444398716;2.06825829352;2.08223677263;1.89979315464;1.89979315464;1.47236374196;1.83389506173;1.62736228375;1.83389506173;2.19192384429;1.72543093468;2.73211840772;1.7523536766;1.47236374196;2.30143781257;1.76883040919;1.69785690902;1.83389506173;1.83389506173;2.80836365151;3.40431994099;2.35181336123;2.35181336123
turning-right-and-left;0.0;1.55403279159;1.20056613385;1.26718625136;1.47236374196;0.980258143469;1.85945285616;1.36081002665;1.54992421414;1.60208209012;0.0;1.26718625136;1.38629436112;0.899587084003;1.60570852757;1.48692286956;1.44437322378;1.06080534582;1.06080534582;1.20056613385;0.0;1.62736228375;1.60208209012;1.96051628694;0.899587084003;1.20056613385;1.69785690902;2.62068364415;1.54992421414;1.70127920564;1.60208209012;1.62736228375;1.70127920564;0.803028622037;2.19457581123;0.803028622037;1.54992421414;1.20056613385;2.10762765274;0.803028622037;1.54992421414;2.02229252195;0.980258143469;1.09861228867;1.47236374196;1.38629436112;2.14050295731;1.70127920564;2.74940402398;1.62736228375;2.1377839129;1.76883040919;2.66278093826;1.52717285942;1.96051628694;2.19457581123;2.23440270846;1.8437861361;1.5002053071;1.38629436112;1.96051628694;1.8437861361;1.38629436112;1.67711357888;1.7489290693;1.0019933429;0.899587084003;1.76883040919;2.02229252195;1.29900037519;1.69785690902;1.09861228867;1.38629436112;1.54992421414;2.00490870547;2.33688210208;1.88446183878;1.62736228375;1.96348082837;1.89979315464;1.83389506173;0.980258143469;1.69785690902;2.30680718123;3.00397190947;2.11860309618;2.11860309618
on-yellow-to-left;1.62736228375;2.37179676889;1.26718625136;1.33047470834;0.69314718056;1.62736228375;2.04549770745;2.12134672583;1.26718625136;2.06253945374;1.62736228375;1.81470740627;1.89979315464;2.00490870547;1.13565396826;2.20437011924;1.13565396826;1.94257972405;2.08223677263;1.76883040919;1.62736228375;0.0;1.33047470834;2.35181336123;2.00490870547;2.02229252195;1.44437322378;2.69909912057;2.24734800869;0.803028622037;2.06253945374;2.08223677263;1.26718625136;2.06253945374;1.3908863733;1.52717285942;0.803028622037;2.02229252195;2.66278093826;1.81470740627;2.24734800869;1.81470740627;1.62736228375;1.96348082837;2.19457581123;1.06080534582;1.52717285942;1.26718625136;1.94641102268;0.0;1.29943140275;1.20056613385;1.78096761561;2.00490870547;2.00200551079;1.3908863733;1.10537271802;2.45923876804;2.21335129747;2.1377839129;1.44437322378;2.5709821686;2.1377839129;2.12134672583;2.04549770745;2.05289859827;2.00490870547;1.6525946198;1.52717285942;2.08223677263;1.44437322378;1.96348082837;2.1377839129;2.24734800869;1.33047470834;1.67711357888;2.28879846132;2.08223677263;1.26718625136;0.980258143469;1.26718625136;2.1377839129;1.06080534582;1.45352906628;2.2919730834;1.09912190249;1.09912190249
slalom-position-testing;1.60208209012;2.28363198131;1.06080534582;1.67711357888;1.13565396826;1.87818344453;2.17589568043;2.35428522871;1.29900037519;2.38650959352;1.60208209012;2.30143781257;2.24734800869;2.12134672583;1.63127583515;2.14398059581;1.81470740627;2.19457581123;1.76914697304;2.35181336123;1.60208209012;1.33047470834;0.0;1.87818344453;2.12134672583;2.1377839129;0.803028622037;2.43582561134;2.00200551079;1.55403279159;1.38629436112;2.40355341506;1.72543093468;1.69785690902;1.72543093468;1.94257972405;1.06080534582;1.74560019403;2.64740653208;2.08223677263;2.00200551079;1.13565396826;2.02229252195;1.94257972405;2.50150395422;1.76883040919;1.47668813106;1.55403279159;2.36095546706;1.33047470834;1.81470740627;1.13565396826;1.6405464437;2.1377839129;1.87818344453;1.72543093468;1.56376139515;2.48988040363;2.24734800869;2.11860309618;2.02229252195;2.16252269434;2.11860309618;2.5502088083;1.7724316247;1.68154983315;1.44437322378;1.67711357888;1.83706394811;2.19457581123;1.47236374196;1.94257972405;2.11860309618;2.00200551079;2.15974856988;1.33047470834;2.66059569892;2.40355341506;1.20586561835;1.81470740627;1.62736228375;1.87818344453;1.26718625136;1.56376139515;2.01562485315;1.69785690902;1.69785690902
edge-wormholes;1.96051628694;2.61165388628;2.07944154168;2.02229252195;2.24734800869;1.69785690902;1.81501596855;2.50150395422;2.07944154168;1.76883040919;1.96051628694;2.4518317846;1.96051628694;2.28363198131;2.64272926723;2.5722864779;2.1377839129;1.89979315464;2.22911015723;2.49917770095;1.96051628694;2.35181336123;1.87818344453;0.0;2.28363198131;1.83389506173;1.69785690902;2.04063800196;1.20056613385;2.59576097646;0.803028622037;1.85632218977;2.59576097646;2.11860309618;2.36934317077;2.24734800869;2.07944154168;1.54992421414;2.09415926371;2.24734800869;1.20056613385;2.33439180666;2.19192384429;1.41582944965;1.98151080899;2.40113226771;2.10201592575;2.19457581123;2.84979235736;2.35181336123;2.6250226949;2.02229252195;2.78243880545;1.76914697304;0.980258143469;2.36934317077;2.6295184957;1.82837523908;1.67711357888;1.38629436112;2.59351926826;1.34905744653;1.38629436112;2.04265220219;2.00490870547;2.20172994951;1.92145127578;2.4518317846;2.4518317846;1.5763965378;1.96051628694;1.41582944965;1.38629436112;1.20056613385;2.90264999985;1.98444398716;1.97317438556;1.85632218977;2.06253945374;2.54792702288;2.29890912241;2.19192384429;1.96051628694;2.69131407068;2.70879405896;2.8865382711;2.8865382711
diamond-on-right;0.899587084003;1.76883040919;1.67711357888;1.44437322378;1.72543093468;1.52717285942;1.98444398716;1.17104693104;1.5002053071;1.89979315464;0.899587084003;1.29900037519;1.52717285942;0.0;1.7489290693;1.99038722581;1.76883040919;0.803028622037;1.60208209012;1.13565396826;0.899587084003;2.00490870547;2.12134672583;2.28363198131;0.0;1.13565396826;2.06253945374;2.6674230432;1.94257972405;2.0653575599;2.12134672583;1.7489290693;1.65611045206;1.20586561835;2.37179676889;1.29900037519;1.94257972405;1.67711357888;2.42558309781;0.405465108108;1.94257972405;2.33688210208;1.17104693104;1.41993164713;1.20586561835;1.52717285942;2.32185482578;1.9244759955;2.83543215418;2.00490870547;2.10201592575;2.12134672583;2.94873588595;2.0653575599;2.28363198131;2.37179676889;2.40869516238;2.10762765274;1.81470740627;1.6525946198;1.92145127578;2.2370043173;1.6525946198;1.70127920564;1.88127773158;1.65972658829;1.55367239842;1.72543093468;2.12134672583;1.23925496513;1.6525946198;1.41993164713;1.6525946198;1.94257972405;2.02516663422;2.61388004196;2.08816985505;1.7489290693;2.15974856988;2.00490870547;1.94257972405;1.09912190249;2.06253945374;2.52267841357;3.17275814392;2.53415153195;2.53415153195
diamonds-in-meteoroid-cloud;1.20056613385;1.58008192713;1.69785690902;1.44437322378;1.89979315464;1.20056613385;1.98444398716;0.899587084003;1.69785690902;1.44437322378;1.20056613385;1.06080534582;0.69314718056;1.13565396826;2.00490870547;1.8437861361;1.60208209012;0.803028622037;1.60208209012;1.38629436112;1.20056613385;2.02229252195;2.1377839129;1.83389506173;1.13565396826;0.0;2.07944154168;2.60506080229;1.38629436112;2.08223677263;1.89979315464;0.803028622037;1.83706394811;1.62736228375;2.50150395422;1.44437322378;1.96051628694;0.980258143469;1.75789779816;1.06080534582;1.38629436112;2.35181336123;1.20056613385;1.06080534582;1.06080534582;1.54992421414;2.45420291582;1.83706394811;2.83543215418;2.02229252195;2.02229252195;2.1377839129;3.01560198964;1.36081002665;1.83389506173;2.50150395422;2.53651621428;1.48692286956;1.52717285942;1.20056613385;1.83389506173;1.78096761561;1.20056613385;0.899587084003;1.88127773158;1.92758874652;1.67711357888;1.62736228375;1.74560019403;0.803028622037;1.83389506173;1.06080534582;1.20056613385;1.38629436112;1.88127773158;2.5502088083;1.66174629862;0.803028622037;2.30143781257;1.76883040919;1.69785690902;1.20056613385;2.07944154168;2.70643906381;3.32073791011;2.54792702288;2.54792702288
six-diamonds;1.69785690902;2.42070857268;1.20056613385;1.76883040919;1.26718625136;1.96051628694;2.10201592575;2.30143781257;1.20056613385;2.4518317846;1.69785690902;2.24734800869;2.19192384429;2.06253945374;1.72543093468;2.3781824355;1.89979315464;2.1377839129;2.00200551079;2.29890912241;1.69785690902;1.44437322378;0.803028622037;1.69785690902;2.06253945374;2.07944154168;0.0;2.49985948983;2.07944154168;1.6525946198;1.26718625136;2.35181336123;1.6525946198;1.87818344453;1.33047470834;2.02229252195;1.20056613385;1.83389506173;2.80836365151;2.02229252195;2.07944154168;1.26718625136;1.96051628694;2.02229252195;2.4518317846;1.69785690902;0.986741544477;1.6525946198;1.99207171603;1.44437322378;1.74560019403;0.803028622037;1.82653978926;2.28363198131;1.69785690902;1.33047470834;1.66174629862;2.61617266101;2.38650959352;2.19192384429;1.96051628694;2.30680718123;2.19192384429;2.50150395422;1.85945285616;1.97147374893;1.6525946198;1.60208209012;1.76883040919;2.1377839129;0.980258143469;2.02229252195;2.19192384429;2.07944154168;2.10201592575;1.55403279159;2.71934193017;2.35181336123;0.899587084003;1.74560019403;1.54992421414;1.96051628694;0.980258143469;1.75789779816;1.78454433837;1.87818344453;1.87818344453
cross-2;2.62068364415;2.95311812954;3.04470816866;2.52757784143;2.60857874115;2.51115287661;2.17246151518;2.85616748429;2.19270117141;2.41382595717;2.62068364415;2.81276550131;2.69569931512;2.6674230432;2.98063561094;2.91836056541;2.62089731932;2.43067824497;2.82724083594;2.71079984075;2.62068364415;2.69909912057;2.43582561134;2.04063800196;2.6674230432;2.60506080229;2.49985948983;0.0;2.68051372286;3.12447334734;2.10005866299;2.66503149018;3.12447334734;2.74095562359;2.85444376666;2.63642631938;2.19270117141;2.78338782987;2.68545835108;2.63642631938;2.68051372286;2.89521316969;2.79801515195;2.37929271042;2.37929271042;2.96475881285;2.38375427288;2.8704239543;3.06639884092;2.69909912057;2.81101516966;2.95406416728;3.1206906812;2.60506080229;2.52890453707;2.85444376666;2.71996853311;2.48377526127;2.3474464193;2.39662153389;2.29965028668;2.77347067216;2.39662153389;2.58934370151;2.07493255346;2.80570373024;2.93907225366;2.78668065565;2.54859577059;2.47820233552;2.29965028668;2.37929271042;2.39662153389;2.68051372286;3.21333902459;1.67552820293;2.43351117108;2.66503149018;2.22616003167;2.87159225701;2.401841888;2.79801515195;2.29965028668;2.77975407705;2.56672597275;3.36993499075;3.36993499075
big-slalom;1.54992421414;2.31934839555;1.69785690902;1.62736228375;2.1377839129;1.20056613385;1.94286797802;2.19457581123;2.19192384429;1.29900037519;1.54992421414;2.1377839129;1.54992421414;1.94257972405;2.35428522871;2.27492828076;1.76883040919;1.47236374196;1.87818344453;2.19192384429;1.54992421414;2.24734800869;2.00200551079;1.20056613385;1.94257972405;1.38629436112;2.07944154168;2.68051372286;0.0;2.30143781257;1.44437322378;1.41582944965;2.30143781257;1.74560019403;2.68671324499;1.89979315464;2.19192384429;0.980258143469;1.71585080355;1.89979315464;0.0;2.35181336123;1.83389506173;0.750475841535;1.5763965378;2.07944154168;2.64272926723;1.83706394811;3.24400702059;2.24734800869;2.64052743364;2.1377839129;2.92091789801;1.29943140275;1.20056613385;2.68671324499;2.71934193017;1.37898403657;1.17104693104;0.69314718056;2.68454748678;0.615302325917;0.69314718056;1.6525946198;2.02516663422;1.84560443454;1.5002053071;2.35181336123;2.54792702288;1.02160021664;2.29890912241;0.750475841535;0.69314718056;0.0;2.64272926723;2.43751327647;1.56590488667;1.41582944965;2.50150395422;2.4518317846;2.40113226771;1.83389506173;2.29890912241;2.77914095377;3.38025328969;2.6250226949;2.6250226949
direction-change;1.70127920564;2.42311015967;1.13565396826;1.20586561835;1.06080534582;1.70127920564;2.32185482578;2.17856715852;1.5002053071;2.12134672583;1.70127920564;1.88127773158;1.96348082837;2.0653575599;0.803028622037;2.2594890032;0.986741544477;2.00490870547;2.14050295731;1.83706394811;1.70127920564;0.803028622037;1.55403279159;2.59576097646;2.0653575599;2.08223677263;1.6525946198;3.12447334734;2.30143781257;0.0;2.33688210208;2.14050295731;0.980258143469;2.12134672583;1.7724316247;1.60570852757;1.13565396826;2.08223677263;2.7085873178;1.88127773158;2.30143781257;1.55403279159;1.70127920564;2.02516663422;2.24993464887;0.899587084003;1.88127773158;0.980258143469;2.32255825866;0.803028622037;1.70160833662;1.44437322378;2.25542663157;2.0653575599;2.28363198131;1.7724316247;1.68154983315;2.5087642877;2.26825194787;2.19457581123;1.6525946198;2.61839497483;2.19457581123;2.17856715852;1.88127773158;2.11197433407;2.0653575599;1.44437322378;1.72543093468;2.14050295731;1.6525946198;2.02516663422;2.19457581123;2.30143781257;1.06080534582;2.10201592575;2.34193111118;2.14050295731;1.67711357888;1.26718625136;1.5002053071;2.19457581123;1.33047470834;1.92834326357;2.72415043705;0.574390027345;0.574390027345
bouncing-from-edge;1.60208209012;2.28363198131;1.74560019403;1.94257972405;1.94257972405;1.60208209012;1.79207198273;2.35428522871;1.89979315464;1.94257972405;1.60208209012;2.30143781257;2.02229252195;2.12134672583;2.3889455607;2.14398059581;2.06253945374;1.96348082837;1.76914697304;2.35181336123;1.60208209012;2.06253945374;1.38629436112;0.803028622037;2.12134672583;1.89979315464;1.26718625136;2.10005866299;1.44437322378;2.33688210208;0.0;2.06253945374;2.45420291582;1.69785690902;2.0825056958;1.94257972405;1.74560019403;1.44437322378;2.18577369449;2.08223677263;1.44437322378;2.04265220219;2.02229252195;1.5002053071;2.17589568043;2.24734800869;1.7724316247;2.12134672583;2.61617266101;2.06253945374;2.48513199929;1.67711357888;2.47713639319;1.74560019403;1.26718625136;2.0825056958;2.37432315227;1.99207171603;1.76883040919;1.60208209012;2.4518317846;1.56376139515;1.60208209012;2.23171793583;1.9244759955;1.68154983315;1.44437322378;2.30143781257;2.30143781257;1.81470740627;1.76883040919;1.5002053071;1.60208209012;1.44437322378;2.77678121694;1.81470740627;2.20172994951;2.06253945374;1.72543093468;2.40355341506;2.1377839129;1.87818344453;1.60208209012;2.37432315227;2.3941186809;2.59351926826;2.59351926826
