name;turning-left-and-right;tunnel;zig-zag;triple-slalom;diamonds-with-signals;wormhole-cloud;two-color-tracks;shooting;diamond-lines;n;beware-of-asteroid;shot;ladder;wormhole-demo;yellow-is-not-red;2diamonds-2meteorids;five-diamonds;steal-the-nose;dont-forget-shot;three-steps-forward;turning-right-and-left;on-yellow-to-left;slalom-position-testing;edge-wormholes;diamond-on-right;diamonds-in-meteoroid-cloud;six-diamonds;cross-2;big-slalom;direction-change;bouncing-from-edge;plan-your-shooting;yellow-hint;diamond-path;colorful-flowers;turning-left;chessboard;find-the-path;arrow;turning-right;double-bend;edge-to-edge;one-step-forward;diamond-cross;stairs;direct-flight-ahead;diagonal-diamonds;color-slalom;two-bit-instructions;two-diamonds;red-shooting;diamonds-on-yellow;diagonal-lines;clean-your-path;triple-steps;color-navigation;follow-colors;meteoroids-on-left;collect-diamonds;diamond-ring;maneuvers-on-left;zig-zag-plus;triangle;rectangle;wave;surrounded-diamond;plus;meteoroids-and-wormholes;letter-h;stripes;narrow-passage;big-right-turn;big-left-turn;four-vs;stop-on-red;turning-in-square;double-track;blocked-wormhole;letter-d;yellow-squares;free-column;last-shot;letter-e;belgian-flag;mirror;diamond-in-house;
turning-left-and-right;0.0;0.192649500611;0.127787890092;0.0989732838262;0.135686947555;0.139318651019;0.11030651851;0.23586651211;0.1674915107;0.203126443594;0.0;0.205937103564;0.242027960639;0.0593852721182;0.131569111703;0.132992303538;0.118983529155;0.112206444589;0.0849634748605;0.0909281657615;0.0;0.16048383577;0.140186654494;0.209598905237;0.0593852721182;0.181521541208;0.182120797785;0.227173102663;0.237648796641;0.174440072482;0.174564004292;0.252684868803;0.174963147976;0.0284703504335;0.201062505869;0.0569407008671;0.166945026563;0.176424304681;0.166742914709;0.059041757243;0.237648796641;0.22182968965;0.0909281657615;0.159195073156;0.143052203963;0.179649398283;0.197752436541;0.141226268143;0.205123475158;0.16048383577;0.182198726176;0.177802365156;0.187689360175;0.169455320817;0.197625528367;0.201062505869;0.188009305459;0.171579757595;0.150399257199;0.198993841445;0.155315162241;0.197997805343;0.198993841445;0.206716231587;0.178105373774;0.0410802293174;0.0454640828807;0.178672379097;0.224143708204;0.202552871026;0.185684331851;0.159195073156;0.198993841445;0.237648796641;0.178322458558;0.168707352487;0.204093914511;0.252684868803;0.166669464274;0.192106866591;0.197536398018;0.102968551782;0.18524188578;0.158150120145;0.186250857983;0.173786675374;0.173786675374
tunnel;0.192649500611;0.0;0.228178847366;0.211801040123;0.23077034445;0.2342547202;0.217769542508;0.053806888978;0.249551174398;0.275355387825;0.192649500611;0.0606187771743;0.139028149359;0.199776096272;0.228328949029;0.0743776850414;0.220719998476;0.218490233879;0.114353908719;0.207242188817;0.192649500611;0.24506870994;0.23463237392;0.27994720785;0.199776096272;0.114171493965;0.26036901425;0.292829290734;0.302810090166;0.254426708377;0.256656666361;0.206636204548;0.254626168405;0.196193490734;0.273223520158;0.198043136129;0.249347654776;0.110379710705;0.162848852472;0.198248108008;0.302810090166;0.289218169064;0.207242188817;0.246714456896;0.23494588416;0.256766029536;0.270796947655;0.233615210917;0.249777645592;0.24506870994;0.20677840964;0.25736689696;0.264294030426;0.165747606859;0.271098852024;0.273223520158;0.263765918269;0.206395285382;0.241086347185;0.273361082301;0.174651068478;0.273749835528;0.273361082301;0.18096127096;0.257601064238;0.198912095384;0.200990127152;0.186406574784;0.145303841684;0.275300602888;0.261814172723;0.246714456896;0.273361082301;0.302810090166;0.184759484533;0.250875107855;0.275775964509;0.206636204548;0.249222799166;0.183987803465;0.189649920048;0.104530857613;0.261633657375;0.244679327189;0.262686798944;0.254404521831;0.254404521831
zig-zag;0.127787890092;0.228178847366;0.0;0.0837316183863;0.0808798633592;0.18575050302;0.147989119629;0.265364297721;0.146024094936;0.235955297704;0.127787890092;0.240177824631;0.268910899251;0.141018796488;0.0340980621605;0.182021972104;0.0908708489226;0.167400239315;0.15126164221;0.158376093411;0.127787890092;0.0962118114557;0.127003104223;0.238956707031;0.141018796488;0.217319591217;0.170480100663;0.255433150594;0.265008026;0.0587006899422;0.210623323418;0.27784931388;0.0597295056169;0.13034000653;0.178735810608;0.140980725919;0.145606296088;0.21276035723;0.205174126873;0.141412191562;0.265008026;0.177238821556;0.158376093411;0.200048068988;0.188646339676;0.0733566997674;0.189703988653;0.0567423646544;0.191467842713;0.0962118114557;0.140248072069;0.138146259378;0.151589192332;0.207457921507;0.211784751306;0.178735810608;0.146651420864;0.209152856073;0.193526798539;0.232080397611;0.151047071763;0.230964424202;0.232080397611;0.238275240362;0.178404744443;0.133906266591;0.134737048713;0.137513105548;0.213738099933;0.23517100239;0.174505119748;0.200048068988;0.232080397611;0.265008026;0.102422004023;0.167371351693;0.236836638032;0.27784931388;0.152081778232;0.140455284303;0.177966760057;0.161559483417;0.174184213783;0.125598171465;0.179501892276;0.0564619487328;0.0564619487328
triple-slalom;0.0989732838262;0.211801040123;0.0837316183863;0.0;0.0996427826471;0.108913422291;0.0942142767675;0.247464007927;0.147017787405;0.157803416375;0.0989732838262;0.215629662675;0.218919903104;0.108356019085;0.0770262195995;0.162973376811;0.0266135885496;0.0883020646768;0.131802998738;0.112133659865;0.0989732838262;0.117637662429;0.13122586986;0.182945397646;0.108356019085;0.167308290837;0.171480627931;0.225309939279;0.193775593477;0.111898808067;0.178236981667;0.214205950603;0.112093079838;0.109128678291;0.18245722545;0.102138929922;0.146869719524;0.168316956886;0.141689941018;0.101968371397;0.193775593477;0.193351402942;0.112133659865;0.123522077921;0.106466358574;0.113683178355;0.187173949567;0.0551438093174;0.190379766076;0.117637662429;0.150433646861;0.151779927869;0.163742152326;0.145112266932;0.156143462879;0.18245722545;0.158582639043;0.136038884049;0.116130312425;0.156661774937;0.138961647142;0.159749537886;0.156661774937;0.17093988052;0.157044142938;0.11476555977;0.120861640011;0.147613628246;0.209835720964;0.158686423685;0.171698144311;0.123522077921;0.156661774937;0.193775593477;0.125435342888;0.151471807114;0.15790940652;0.214205950603;0.151442942101;0.153090097246;0.176546517287;0.14194717973;0.171567753861;0.135317459232;0.176794058557;0.113024310531;0.113024310531
diamonds-with-signals;0.135686947555;0.23077034445;0.0808798633592;0.0996427826471;0.0;0.187069707309;0.129600851497;0.264548013359;0.119672008005;0.235146151496;0.135686947555;0.236159448014;0.266568688732;0.143827021157;0.077191510942;0.186964148514;0.104717992181;0.166224903454;0.160031820306;0.150029956244;0.135686947555;0.0304838443678;0.108733101049;0.224244433907;0.143827021157;0.2175559827;0.154946003817;0.221324074752;0.267649378553;0.0978447886887;0.193409174742;0.275882238389;0.0980669056007;0.14210685041;0.14617823156;0.140383383868;0.119490058998;0.217196263607;0.207072530543;0.140259339175;0.267649378553;0.202799702427;0.150029956244;0.202559196088;0.186542155191;0.101518829707;0.161787134982;0.09090109297;0.157529898377;0.0304838443678;0.0793120822278;0.113250384223;0.0751956866069;0.209429137262;0.192314697079;0.14617823156;0.0687657508776;0.210426001624;0.195624462349;0.233676609339;0.127767236274;0.235057041084;0.233676609339;0.235348475498;0.194672466249;0.146319126376;0.15020944117;0.158788478667;0.197272656441;0.235389467153;0.156095239988;0.202559196088;0.233676609339;0.267649378553;0.120940813962;0.124193770569;0.235392570169;0.275882238389;0.1113306755;0.10260225641;0.154518065133;0.168624702642;0.155951804581;0.047502468272;0.128422210695;0.0985736852566;0.0985736852566
wormhole-cloud;0.139318651019;0.2342547202;0.18575050302;0.108913422291;0.187069707309;0.0;0.11030651851;0.270305025574;0.212110180497;0.0700952427145;0.139318651019;0.238484903361;0.197908684017;0.159400944395;0.183383921505;0.183848181874;0.108095865797;0.0731970419763;0.161003381535;0.150774300977;0.139318651019;0.20054929581;0.190358676593;0.148801736993;0.159400944395;0.160367049824;0.223051816047;0.231325884137;0.113729436866;0.211882744446;0.180385737347;0.165839180794;0.218058307945;0.150640669752;0.237149007923;0.133068410683;0.205756167345;0.154573788298;0.0981310098168;0.151312972412;0.113729436866;0.255983676672;0.150774300977;0.0461008958595;0.0593852721182;0.216191731595;0.234349198528;0.153496248945;0.239724289696;0.20054929581;0.22205759838;0.21953999342;0.227621228313;0.0964646009245;0.131400552958;0.237149007923;0.22618801832;0.0688361539719;0.0288130599122;0.0756564862059;0.19643766983;0.0810226381704;0.0756564862059;0.12863508415;0.191162697728;0.14279664578;0.154754752307;0.220245196788;0.254372483641;0.0915925899653;0.225970791809;0.0461008958595;0.0756564862059;0.113729436866;0.215090347837;0.190396939561;0.0728513342686;0.165839180794;0.209110227469;0.22664952393;0.231269511714;0.180234772409;0.2208608493;0.204349213772;0.225201762123;0.211345137261;0.211345137261
two-color-tracks;0.11030651851;0.217769542508;0.147989119629;0.0942142767675;0.129600851497;0.11030651851;0.0;0.253322980023;0.164283263978;0.155536193501;0.11030651851;0.223101198239;0.220497903718;0.120028083111;0.14568635993;0.170244749748;0.103678628353;0.0944094884359;0.139961329946;0.126557990912;0.11030651851;0.146752134237;0.14780066129;0.126926508623;0.120028083111;0.170247556353;0.139278201622;0.208321876171;0.188936478379;0.178945265125;0.115829400914;0.212900301908;0.179115407857;0.118413685997;0.134185337106;0.11542247241;0.164097743441;0.170023610989;0.142504911624;0.11542247241;0.188936478379;0.235140417324;0.126557990912;0.122296651488;0.109244572989;0.180832575421;0.135914209686;0.131769096517;0.137522681011;0.146752134237;0.162611384898;0.122620782275;0.164507808206;0.145878296554;0.0936870421419;0.134185337106;0.163721025439;0.135319265672;0.115812356465;0.153536368613;0.155995512925;0.155828854987;0.153536368613;0.171647649716;0.186161280403;0.123377422394;0.128233295221;0.192182973073;0.221834366812;0.156073169369;0.140392508415;0.122296651488;0.153536368613;0.188936478379;0.181951937683;0.148291858869;0.155865623515;0.212900301908;0.121578790316;0.176997600846;0.191624714493;0.14985238733;0.140179807007;0.141402427467;0.136985872272;0.179394525814;0.179394525814
shooting;0.23586651211;0.053806888978;0.265364297721;0.247464007927;0.264548013359;0.270305025574;0.253322980023;0.0;0.278243326224;0.303643578435;0.23586651211;0.0532995850298;0.138982878924;0.23358615631;0.261513262594;0.12486730777;0.255139473324;0.249284475404;0.16371918364;0.23637903619;0.23586651211;0.277214913133;0.271453538663;0.308612087024;0.23358615631;0.130844417848;0.291332572755;0.318489903048;0.330838204577;0.285521252111;0.290701422681;0.215723008224;0.282803899516;0.239971860586;0.30148635733;0.237885291645;0.281004783614;0.140002733544;0.192370961296;0.231038718592;0.330838204577;0.31704594366;0.23637903619;0.279526863329;0.26367010397;0.283719804122;0.299289021763;0.266719133328;0.274731132586;0.277214913133;0.230483311753;0.288652670206;0.294845686564;0.196931574262;0.300608663619;0.30148635733;0.292942641705;0.235357489038;0.275201252164;0.302787947342;0.198747852396;0.305436730881;0.302787947342;0.195965411667;0.287258059181;0.24717217544;0.248420895707;0.208990915228;0.153794799702;0.301348789368;0.289353299857;0.279526863329;0.302787947342;0.330838204577;0.20633137385;0.282640472908;0.303110359746;0.215723008224;0.280071945541;0.203813365602;0.208938910566;0.144638338495;0.291618916092;0.277292919269;0.2924238839;0.286795275846;0.286795275846
diamond-lines;0.1674915107;0.249551174398;0.146024094936;0.147017787405;0.119672008005;0.212110180497;0.164283263978;0.278243326224;0.0;0.253229825544;0.1674915107;0.251652364979;0.280582388076;0.166640448353;0.141127454405;0.213649689;0.153229652371;0.187025243441;0.189818599361;0.17307984548;0.1674915107;0.128521921749;0.0519720682878;0.199102497514;0.166640448353;0.234010290038;0.117850499268;0.127326942875;0.283899087597;0.160698161273;0.158522735397;0.289492859735;0.156610330476;0.172381000433;0.186968613788;0.172026640296;0.036015322081;0.237556195844;0.228603080047;0.163942414527;0.283899087597;0.122784067436;0.17307984548;0.223442924155;0.205509117884;0.159177122935;0.155502284108;0.149206840554;0.19416660666;0.128521921749;0.142811220205;0.164906562939;0.145029978545;0.232187872634;0.218559428701;0.186968613788;0.14129853329;0.230828016176;0.218122948175;0.251624290742;0.0870504675305;0.253989255328;0.251624290742;0.251066762138;0.114352604387;0.181184812928;0.182490386803;0.120898885569;0.167043342489;0.250675909258;0.114897049624;0.223442924155;0.251624290742;0.283899087597;0.169179557578;0.0606514961254;0.252856759652;0.289492859735;0.0970733310985;0.157961455194;0.0986460358126;0.191810118143;0.119606334205;0.129619575234;0.112976373906;0.16239890809;0.16239890809
n;0.203126443594;0.275355387825;0.235955297704;0.157803416375;0.235146151496;0.0700952427145;0.155536193501;0.303643578435;0.253229825544;0.0;0.203126443594;0.275698503814;0.203384219077;0.211052782376;0.231911183808;0.237815410436;0.153976282802;0.108579145986;0.220337851102;0.204615507012;0.203126443594;0.246399392795;0.240206336762;0.152448691737;0.211052782376;0.179302020787;0.26467102186;0.257710227735;0.0566696565502;0.255708697767;0.216200879274;0.145709526078;0.25823253385;0.211052782376;0.275889486313;0.198891597326;0.250655622559;0.179893627697;0.117745597439;0.205012759346;0.0566696565502;0.292712789661;0.204615507012;0.0506433734179;0.0756564862059;0.256658295569;0.273486569231;0.193294430871;0.277689773419;0.246399392795;0.261618410807;0.261718256683;0.268533165083;0.11924245168;0.13551661152;0.275889486313;0.266526502117;0.0719574510787;0.054289572993;0.0284703504335;0.240254810572;0.0482735669654;0.0284703504335;0.123922611867;0.225693084969;0.210194155734;0.217158291972;0.260081838241;0.289551336223;0.0460199374181;0.264947947011;0.0506433734179;0.0284703504335;0.0566696565502;0.255731252699;0.229631354516;0.00738021965537;0.145709526078;0.252342065487;0.265527065611;0.269481359138;0.230167795109;0.262827228278;0.249292555925;0.265910040127;0.256148555944;0.256148555944
beware-of-asteroid;0.0;0.192649500611;0.127787890092;0.0989732838262;0.135686947555;0.139318651019;0.11030651851;0.23586651211;0.1674915107;0.203126443594;0.0;0.205937103564;0.242027960639;0.0593852721182;0.131569111703;0.132992303538;0.118983529155;0.112206444589;0.0849634748605;0.0909281657615;0.0;0.16048383577;0.140186654494;0.209598905237;0.0593852721182;0.181521541208;0.182120797785;0.227173102663;0.237648796641;0.174440072482;0.174564004292;0.252684868803;0.174963147976;0.0284703504335;0.201062505869;0.0569407008671;0.166945026563;0.176424304681;0.166742914709;0.059041757243;0.237648796641;0.22182968965;0.0909281657615;0.159195073156;0.143052203963;0.179649398283;0.197752436541;0.141226268143;0.205123475158;0.16048383577;0.182198726176;0.177802365156;0.187689360175;0.169455320817;0.197625528367;0.201062505869;0.188009305459;0.171579757595;0.150399257199;0.198993841445;0.155315162241;0.197997805343;0.198993841445;0.206716231587;0.178105373774;0.0410802293174;0.0454640828807;0.178672379097;0.224143708204;0.202552871026;0.185684331851;0.159195073156;0.198993841445;0.237648796641;0.178322458558;0.168707352487;0.204093914511;0.252684868803;0.166669464274;0.192106866591;0.197536398018;0.102968551782;0.18524188578;0.158150120145;0.186250857983;0.173786675374;0.173786675374
shot;0.205937103564;0.0606187771743;0.240177824631;0.215629662675;0.236159448014;0.238484903361;0.223101198239;0.0532995850298;0.251652364979;0.275698503814;0.205937103564;0.0;0.133068410683;0.205443633115;0.231559807306;0.102577356771;0.221147898766;0.218087633851;0.141809681158;0.192929201849;0.205937103564;0.247536368782;0.244950146917;0.285299900794;0.205443633115;0.11999634406;0.266811204357;0.293823332645;0.310283852345;0.256804461047;0.266121904343;0.203936631275;0.256685819228;0.215552533953;0.276422254752;0.197908684017;0.251773378696;0.133429687831;0.171653142302;0.197292071625;0.310283852345;0.294402349731;0.192929201849;0.253413366871;0.23280824918;0.253588583204;0.274024009558;0.238394172694;0.251689260032;0.247536368782;0.208813766909;0.26388238827;0.270642808342;0.174638341299;0.276622815001;0.276422254752;0.267077948538;0.21203862736;0.246913926378;0.278550004967;0.169188489144;0.283828774987;0.278550004967;0.175256254793;0.26024408312;0.219433860914;0.226285761749;0.18897543686;0.143752327248;0.27776683478;0.263649323254;0.253413366871;0.278550004967;0.310283852345;0.181129042745;0.255593579224;0.274831141948;0.203936631275;0.252987851366;0.182363355168;0.188074383313;0.1307172884;0.263734192412;0.251034775559;0.267013440095;0.258617434117;0.258617434117
ladder;0.242027960639;0.139028149359;0.268910899251;0.218919903104;0.266568688732;0.197908684017;0.220497903718;0.138982878924;0.280582388076;0.203384219077;0.242027960639;0.133068410683;0.0;0.243196235377;0.263443443195;0.161790927713;0.219400350321;0.197720901226;0.188142410415;0.237631306151;0.242027960639;0.276896763377;0.273181732123;0.240654819249;0.243196235377;0.069106021585;0.292943515138;0.297210081215;0.22344885828;0.285212368091;0.266328457455;0.0809980582261;0.285105547985;0.24871762823;0.302418388059;0.238484903361;0.280690929528;0.083816359471;0.104822325547;0.237973451141;0.22344885828;0.318277281342;0.237631306151;0.197788523569;0.19303460408;0.283680476307;0.300227874002;0.243585474805;0.280272327322;0.276896763377;0.242371876423;0.290278485477;0.296437538107;0.109642459487;0.230301737756;0.302418388059;0.293901767788;0.140933832131;0.196570635613;0.205367235516;0.212095869402;0.210652534426;0.205367235516;0.0808738256782;0.268495110988;0.251870602179;0.256579286501;0.225830238593;0.18961095041;0.205243636599;0.291201900026;0.197788523569;0.205367235516;0.22344885828;0.220805814433;0.269246848103;0.202682268589;0.0809980582261;0.281233825978;0.22057641988;0.225320965198;0.180234772409;0.291278741369;0.279287435787;0.293542128656;0.286398174679;0.286398174679
wormhole-demo;0.0593852721182;0.199776096272;0.141018796488;0.108356019085;0.143827021157;0.159400944395;0.120028083111;0.23358615631;0.166640448353;0.211052782376;0.0593852721182;0.205443633115;0.243196235377;0.0;0.138490710671;0.157889620557;0.132060611356;0.104488988264;0.114413971821;0.0854110513006;0.0593852721182;0.171531122858;0.156797810208;0.215356347527;0.0;0.178480088356;0.189138038431;0.230378802372;0.244109701461;0.184654280894;0.188164414229;0.254182981226;0.174148603269;0.059041757243;0.205815741113;0.0920398748361;0.177590840021;0.186231284672;0.179474226602;0.0284703504335;0.244109701461;0.227277510005;0.0854110513006;0.167313297365;0.139318651019;0.181220256799;0.202583351196;0.148670136137;0.208994354574;0.171531122858;0.182899925078;0.184983495617;0.194505805874;0.187347324532;0.203721635586;0.205815741113;0.193084144773;0.181196000444;0.162868718979;0.205012759346;0.156822957078;0.206784155653;0.205012759346;0.207712541005;0.183116368097;0.0994353695643;0.0885626358644;0.178524622219;0.226378462288;0.199831773194;0.18554215904;0.167313297365;0.205012759346;0.244109701461;0.180210313715;0.17764525925;0.210147575416;0.254182981226;0.172546868095;0.194568402023;0.199931096672;0.102770818864;0.194034546151;0.165941502683;0.191935484075;0.186824345935;0.186824345935
yellow-is-not-red;0.131569111703;0.228328949029;0.0340980621605;0.0770262195995;0.077191510942;0.183383921505;0.14568635993;0.261513262594;0.141127454405;0.231911183808;0.131569111703;0.231559807306;0.263443443195;0.138490710671;0.0;0.184229353664;0.079783493558;0.161014009787;0.157600069301;0.140935179312;0.131569111703;0.0891179941408;0.130056541532;0.238335361047;0.138490710671;0.214468156809;0.170221515276;0.252142142745;0.266098168251;0.0461635702236;0.212478469216;0.273090318444;0.0464923211528;0.139548377493;0.175889172217;0.133593260548;0.141019493959;0.215475398716;0.204339311251;0.133365054805;0.266098168251;0.176400216431;0.140935179312;0.199763159118;0.181732067744;0.0497049436891;0.187024367985;0.0499006540061;0.187618478409;0.0891179941408;0.134710311984;0.137827023914;0.15129832376;0.206742864559;0.211083437001;0.175889172217;0.143168258182;0.207544513628;0.192493721677;0.231243922459;0.140571126217;0.233467863078;0.231243922459;0.23158908086;0.174927619302;0.144088867176;0.149114831067;0.132112888432;0.208406449095;0.232538568679;0.170282112715;0.199763159118;0.231243922459;0.266098168251;0.0880035061412;0.165405404957;0.231949360265;0.273090318444;0.148976540961;0.131888105873;0.171286173603;0.166036683918;0.170183515549;0.124693979214;0.177515124516;0.0490431639889;0.0490431639889
2diamonds-2meteorids;0.132992303538;0.0743776850414;0.182021972104;0.162973376811;0.186964148514;0.183848181874;0.170244749748;0.12486730777;0.213649689;0.237815410436;0.132992303538;0.102577356771;0.161790927713;0.157889620557;0.184229353664;0.0;0.171618465102;0.177539978413;0.0528638781159;0.159673430652;0.132992303538;0.201975870906;0.187619197975;0.245309569667;0.157889620557;0.122651907558;0.222469468768;0.260577515835;0.270289356407;0.213233509965;0.21452565568;0.208496281549;0.219556112652;0.141028826332;0.238032010228;0.134706955316;0.207146886963;0.107126053031;0.137523229063;0.153286772524;0.270289356407;0.255838806876;0.159673430652;0.205500386185;0.196392386437;0.220170555602;0.235242710376;0.190741743095;0.221634066957;0.201975870906;0.18426449467;0.218948305777;0.227050601124;0.136190118567;0.235161504833;0.238032010228;0.227113640203;0.175377552757;0.196394877073;0.237246670134;0.148869824782;0.236654567661;0.237246670134;0.172840910161;0.219651699185;0.131593948092;0.141363274824;0.16856713725;0.15648988664;0.244075569414;0.227594662471;0.205500386185;0.237246670134;0.270289356407;0.164612107837;0.210222615032;0.239250156501;0.208496281549;0.209919832745;0.168962690044;0.17511131025;0.0792795257949;0.222365514204;0.203724237578;0.225671291453;0.211786859759;0.211786859759
five-diamonds;0.118983529155;0.220719998476;0.0908708489226;0.0266135885496;0.104717992181;0.108095865797;0.103678628353;0.255139473324;0.153229652371;0.153976282802;0.118983529155;0.221147898766;0.219400350321;0.132060611356;0.079783493558;0.171618465102;0.0;0.10045965776;0.146442810515;0.121508163647;0.118983529155;0.116249913088;0.137796023471;0.185057578586;0.132060611356;0.174504803809;0.177029403423;0.229915522776;0.192568271393;0.105821423312;0.184816810204;0.211990475388;0.111782275233;0.132060611356;0.185678466761;0.111600159543;0.148936976406;0.175112618563;0.143650265811;0.122175937147;0.192568271393;0.194769675821;0.121508163647;0.12692932454;0.111782275233;0.108095865797;0.191652115896;0.0514620011337;0.193799208426;0.116249913088;0.153543554292;0.155462507392;0.167241518953;0.144879727478;0.156384160178;0.185678466761;0.16069758889;0.136836314342;0.118123077828;0.156586259037;0.143045595525;0.16136614556;0.156586259037;0.170009164132;0.160640749485;0.130684012901;0.141613741902;0.151458471958;0.212435016351;0.160706348056;0.177443158474;0.12692932454;0.156586259037;0.192568271393;0.122796845283;0.155466194144;0.154153051567;0.211990475388;0.156575982121;0.152663041026;0.178813267806;0.160853790843;0.174260758027;0.140428547981;0.181990368533;0.106879924355;0.106879924355
steal-the-nose;0.112206444589;0.218490233879;0.167400239315;0.0883020646768;0.166224903454;0.0731970419763;0.0944094884359;0.249284475404;0.187025243441;0.108579145986;0.112206444589;0.218087633851;0.197720901226;0.104488988264;0.161014009787;0.177539978413;0.10045965776;0.0;0.147052508728;0.112473007142;0.112206444589;0.18648875505;0.177567057191;0.156660330279;0.104488988264;0.144696901387;0.206682616819;0.221379398155;0.146420739029;0.198626113852;0.177375518425;0.178480088356;0.193745035233;0.120016156274;0.220741184605;0.117586003466;0.192077161866;0.154156228295;0.114399652086;0.0993691929954;0.146420739029;0.241662783563;0.112473007142;0.0713219195486;0.0348296627547;0.195437742326;0.217730488156;0.139001438376;0.223000274153;0.18648875505;0.200109205807;0.202887654045;0.211605801036;0.122670965959;0.140237682057;0.220741184605;0.208921129265;0.0938749354521;0.0684859276416;0.105501935977;0.173056550058;0.113080725733;0.105501935977;0.134210464632;0.177916426063;0.135725001734;0.136971855283;0.197016616689;0.237912458352;0.0998013080122;0.203397146722;0.0713219195486;0.105501935977;0.146420739029;0.194501637064;0.178622134025;0.106808976439;0.178480088356;0.190368366973;0.2078749449;0.212902731471;0.14655985084;0.207375347502;0.186019753211;0.208243798207;0.20064512425;0.20064512425
dont-forget-shot;0.0849634748605;0.114353908719;0.15126164221;0.131802998738;0.160031820306;0.161003381535;0.139961329946;0.16371918364;0.189818599361;0.220337851102;0.0849634748605;0.141809681158;0.188142410415;0.114413971821;0.157600069301;0.0528638781159;0.146442810515;0.147052508728;0.0;0.134506826695;0.0849634748605;0.180564523079;0.160652715676;0.225386679134;0.114413971821;0.133757351195;0.1999753409;0.243209738096;0.25130486644;0.193074660012;0.191388579989;0.21968343067;0.196442861048;0.0891213592938;0.218220149178;0.103123750607;0.186330693514;0.119342265887;0.137178994204;0.11461505893;0.25130486644;0.236803431699;0.134506826695;0.18041112487;0.171235188398;0.200844061506;0.215174181534;0.164749085537;0.2087421258;0.180564523079;0.174627877843;0.196050587954;0.205059620367;0.138439077108;0.214297231705;0.218220149178;0.206255669449;0.16449765834;0.171945562918;0.216333606364;0.14345927621;0.213900608859;0.216333606364;0.179514246935;0.198017140554;0.0848180074357;0.0893481581978;0.162473855192;0.176128197103;0.222265433754;0.205774298432;0.18041112487;0.216333606364;0.25130486644;0.162318141735;0.187873565661;0.221916039987;0.21968343067;0.187012154499;0.170021613048;0.176133271286;0.0537437786682;0.203005057994;0.178909975698;0.204317969039;0.191428782822;0.191428782822
three-steps-forward;0.0909281657615;0.207242188817;0.158376093411;0.112133659865;0.150029956244;0.150774300977;0.126557990912;0.23637903619;0.17307984548;0.204615507012;0.0909281657615;0.192929201849;0.237631306151;0.0854110513006;0.140935179312;0.159673430652;0.121508163647;0.112473007142;0.134506826695;0.0;0.0909281657615;0.167038839739;0.165523937828;0.220892808649;0.0854110513006;0.187935093246;0.196432732226;0.229795332932;0.25233641938;0.180488922999;0.195495441099;0.25002125162;0.180320076266;0.114414225538;0.20829529092;0.059041757243;0.173255748338;0.199696713523;0.180400440389;0.0569407008671;0.25233641938;0.232530305652;0.0;0.17519154871;0.138879956016;0.173680771059;0.205101982222;0.153791974882;0.209373106316;0.167038839739;0.186517383044;0.192435740856;0.20160637199;0.183243193276;0.209565696855;0.20829529092;0.195725051775;0.182497129386;0.164952318709;0.210280349483;0.147067888575;0.218989435888;0.210280349483;0.200017001296;0.184656644726;0.122020171283;0.136392248642;0.183558754882;0.22336344871;0.208319934024;0.19039083102;0.17519154871;0.210280349483;0.25233641938;0.17357976336;0.17991761532;0.202971740488;0.25002125162;0.175893504182;0.190619807309;0.196090518101;0.14200889802;0.190508338745;0.173380301943;0.196088390523;0.1837588741;0.1837588741
turning-right-and-left;0.0;0.192649500611;0.127787890092;0.0989732838262;0.135686947555;0.139318651019;0.11030651851;0.23586651211;0.1674915107;0.203126443594;0.0;0.205937103564;0.242027960639;0.0593852721182;0.131569111703;0.132992303538;0.118983529155;0.112206444589;0.0849634748605;0.0909281657615;0.0;0.16048383577;0.140186654494;0.209598905237;0.0593852721182;0.181521541208;0.182120797785;0.227173102663;0.237648796641;0.174440072482;0.174564004292;0.252684868803;0.174963147976;0.0284703504335;0.201062505869;0.0569407008671;0.166945026563;0.176424304681;0.166742914709;0.059041757243;0.237648796641;0.22182968965;0.0909281657615;0.159195073156;0.143052203963;0.179649398283;0.197752436541;0.141226268143;0.205123475158;0.16048383577;0.182198726176;0.177802365156;0.187689360175;0.169455320817;0.197625528367;0.201062505869;0.188009305459;0.171579757595;0.150399257199;0.198993841445;0.155315162241;0.197997805343;0.198993841445;0.206716231587;0.178105373774;0.0410802293174;0.0454640828807;0.178672379097;0.224143708204;0.202552871026;0.185684331851;0.159195073156;0.198993841445;0.237648796641;0.178322458558;0.168707352487;0.204093914511;0.252684868803;0.166669464274;0.192106866591;0.197536398018;0.102968551782;0.18524188578;0.158150120145;0.186250857983;0.173786675374;0.173786675374
on-yellow-to-left;0.16048383577;0.24506870994;0.0962118114557;0.117637662429;0.0304838443678;0.20054929581;0.146752134237;0.277214913133;0.128521921749;0.246399392795;0.16048383577;0.247536368782;0.276896763377;0.171531122858;0.0891179941408;0.201975870906;0.116249913088;0.18648875505;0.180564523079;0.167038839739;0.16048383577;0.0;0.119321905737;0.235398565524;0.171531122858;0.233581741409;0.163062511879;0.228759902223;0.27999610997;0.0964676871624;0.205627316972;0.285922116857;0.102971443085;0.169272108456;0.148706782057;0.157551440333;0.123372529136;0.232799319139;0.220874994083;0.165211441368;0.27999610997;0.209401237633;0.167038839739;0.218462513982;0.203508035732;0.100883581127;0.167158287725;0.101428495804;0.160534795918;0.0;0.0778415469247;0.117482125313;0.0695220301337;0.221676565243;0.201761573621;0.148706782057;0.0595615176199;0.224363529813;0.210744064745;0.247261565796;0.1361080304;0.249545824709;0.247261565796;0.246941005345;0.20686367354;0.168036786065;0.175734327384;0.168763753308;0.201763618112;0.250275898876;0.164517463848;0.218462513982;0.247261565796;0.27999610997;0.123830669429;0.130168061518;0.246705012795;0.285922116857;0.117327420388;0.0989543420084;0.158154173981;0.192579811139;0.161079896976;0.0503686092462;0.132071363958;0.0969682733182;0.0969682733182
slalom-position-testing;0.140186654494;0.23463237392;0.127003104223;0.13122586986;0.108733101049;0.190358676593;0.14780066129;0.271453538663;0.0519720682878;0.240206336762;0.140186654494;0.244950146917;0.273181732123;0.156797810208;0.130056541532;0.187619197975;0.137796023471;0.177567057191;0.160652715676;0.165523937828;0.140186654494;0.119321905737;0.0;0.192262468747;0.156797810208;0.225244365974;0.114817722389;0.13806580813;0.270460460332;0.151268156248;0.144118237188;0.281984801458;0.155208220438;0.145278212329;0.181695577713;0.146999120619;0.0386465947469;0.219858320969;0.210647681206;0.154602625509;0.270460460332;0.129082169043;0.165523937828;0.207216883154;0.196716336216;0.158456602323;0.153583417326;0.137737874598;0.1896335684;0.119321905737;0.143711159386;0.156095239988;0.140005511908;0.211593869425;0.20792741273;0.181695577713;0.139418397129;0.214913263675;0.199818210181;0.238075998564;0.093976289604;0.237519003319;0.238075998564;0.243084917672;0.114756751148;0.143564152028;0.148257575344;0.125176561769;0.171382296747;0.242513133751;0.121742000171;0.207216883154;0.238075998564;0.270460460332;0.166523611325;0.0607841274035;0.241222980148;0.281984801458;0.0962166181633;0.158112924006;0.110704737182;0.17467029994;0.117382381435;0.120883139329;0.113723163322;0.150090752464;0.150090752464
edge-wormholes;0.209598905237;0.27994720785;0.238956707031;0.182945397646;0.224244433907;0.148801736993;0.126926508623;0.308612087024;0.199102497514;0.152448691737;0.209598905237;0.285299900794;0.240654819249;0.215356347527;0.238335361047;0.245309569667;0.185057578586;0.156660330279;0.225386679134;0.220892808649;0.209598905237;0.235398565524;0.192262468747;0.0;0.215356347527;0.209158847977;0.16379283172;0.178545227485;0.166368656228;0.262303592218;0.0962045051591;0.209158847977;0.262361649638;0.213348564625;0.201893996094;0.213595993168;0.199025987766;0.208121038149;0.172306235617;0.213453336532;0.166368656228;0.246316510769;0.220892808649;0.142596953792;0.148715326271;0.264045621545;0.172244952133;0.211115836823;0.202077767892;0.235398565524;0.242949217408;0.201571271236;0.242839055711;0.175149926509;0.0925293968521;0.201893996094;0.243268196132;0.153307849202;0.143226395667;0.149513038079;0.204417717332;0.151030561199;0.149513038079;0.186426836401;0.18499821822;0.216154978965;0.218407151108;0.23336116204;0.252939367032;0.152457494348;0.16535914806;0.142596953792;0.149513038079;0.166368656228;0.262726316982;0.172053157014;0.152979294526;0.209158847977;0.171303218667;0.254685963966;0.221503497483;0.231542740705;0.165257613746;0.228468053243;0.177348264488;0.262459256565;0.262459256565
diamond-on-right;0.0593852721182;0.199776096272;0.141018796488;0.108356019085;0.143827021157;0.159400944395;0.120028083111;0.23358615631;0.166640448353;0.211052782376;0.0593852721182;0.205443633115;0.243196235377;0.0;0.138490710671;0.157889620557;0.132060611356;0.104488988264;0.114413971821;0.0854110513006;0.0593852721182;0.171531122858;0.156797810208;0.215356347527;0.0;0.178480088356;0.189138038431;0.230378802372;0.244109701461;0.184654280894;0.188164414229;0.254182981226;0.174148603269;0.059041757243;0.205815741113;0.0920398748361;0.177590840021;0.186231284672;0.179474226602;0.0284703504335;0.244109701461;0.227277510005;0.0854110513006;0.167313297365;0.139318651019;0.181220256799;0.202583351196;0.148670136137;0.208994354574;0.171531122858;0.182899925078;0.184983495617;0.194505805874;0.187347324532;0.203721635586;0.205815741113;0.193084144773;0.181196000444;0.162868718979;0.205012759346;0.156822957078;0.206784155653;0.205012759346;0.207712541005;0.183116368097;0.0994353695643;0.0885626358644;0.178524622219;0.226378462288;0.199831773194;0.18554215904;0.167313297365;0.205012759346;0.244109701461;0.180210313715;0.17764525925;0.210147575416;0.254182981226;0.172546868095;0.194568402023;0.199931096672;0.102770818864;0.194034546151;0.165941502683;0.191935484075;0.186824345935;0.186824345935
diamonds-in-meteoroid-cloud;0.181521541208;0.114171493965;0.217319591217;0.167308290837;0.2175559827;0.160367049824;0.170247556353;0.130844417848;0.234010290038;0.179302020787;0.181521541208;0.11999634406;0.069106021585;0.178480088356;0.214468156809;0.122651907558;0.174504803809;0.144696901387;0.133757351195;0.187935093246;0.181521541208;0.233581741409;0.225244365974;0.209158847977;0.178480088356;0.0;0.248842658519;0.262500845709;0.201603565002;0.243381813748;0.225093400926;0.104488988264;0.239414938625;0.184895245819;0.26124047514;0.187992210045;0.238067238969;0.0442813179322;0.074369391674;0.177168957053;0.201603565002;0.278578293417;0.187935093246;0.158065405066;0.148829764088;0.241982839972;0.258701528297;0.19738141159;0.243135920815;0.233581741409;0.203488819833;0.245699745152;0.252946594434;0.0865545603077;0.197158748405;0.26124047514;0.2513323567;0.110937147491;0.157357558517;0.175821024495;0.173056550058;0.17886367752;0.175821024495;0.0761352650722;0.227220374691;0.195246416551;0.194849310349;0.187302258201;0.171568144217;0.173295643391;0.247124030346;0.158065405066;0.175821024495;0.201603565002;0.185990316878;0.226665674696;0.178640123019;0.104488988264;0.23620229779;0.188826689686;0.194347881615;0.117997101232;0.250408509902;0.232539910352;0.250505057744;0.244639265436;0.244639265436
six-diamonds;0.182120797785;0.26036901425;0.170480100663;0.171480627931;0.154946003817;0.223051816047;0.139278201622;0.291332572755;0.117850499268;0.26467102186;0.182120797785;0.266811204357;0.292943515138;0.189138038431;0.170221515276;0.222469468768;0.177029403423;0.206682616819;0.1999753409;0.196432732226;0.182120797785;0.163062511879;0.114817722389;0.16379283172;0.189138038431;0.248842658519;0.0;0.175258152988;0.292802545163;0.187706474812;0.092653599255;0.301169508;0.187822352203;0.18606839029;0.112020907407;0.187415123057;0.117665733658;0.247530518399;0.239386970901;0.18732222535;0.292802545163;0.169478218755;0.196432732226;0.235633839919;0.22334941511;0.190515456369;0.0558861951946;0.176160104355;0.119536205375;0.163062511879;0.178439181874;0.105747882117;0.178288867291;0.241428358868;0.181925929429;0.112020907407;0.176805131319;0.242429743956;0.229915187319;0.262739122865;0.141489177337;0.26334189408;0.262739122865;0.265099833073;0.158533183993;0.189180443495;0.191468056946;0.163880492774;0.201393981871;0.264575630656;0.025303610247;0.235633839919;0.262739122865;0.292802545163;0.197275840955;0.126320369047;0.265045630825;0.301169508;0.0581872351746;0.19022970597;0.153111668824;0.207029899466;0.0244031575145;0.163935532653;0.0785060808494;0.187794852607;0.187794852607
cross-2;0.227173102663;0.292829290734;0.255433150594;0.225309939279;0.221324074752;0.231325884137;0.208321876171;0.318489903048;0.127326942875;0.257710227735;0.227173102663;0.293823332645;0.297210081215;0.230378802372;0.252142142745;0.260577515835;0.229915522776;0.221379398155;0.243209738096;0.229795332932;0.227173102663;0.228759902223;0.13806580813;0.178545227485;0.230378802372;0.262500845709;0.175258152988;0.0;0.282415184445;0.274955239145;0.155162427366;0.294409640943;0.274933081402;0.232568525107;0.255466091825;0.226958108696;0.127374780337;0.264347293048;0.24799143477;0.226635768785;0.282415184445;0.194108744613;0.229795332932;0.239006096366;0.229142040387;0.27491828415;0.207591595843;0.246775053907;0.256191317442;0.228759902223;0.229384335045;0.248843566782;0.22270642727;0.250018263614;0.235943426599;0.255466091825;0.223699703184;0.245017797875;0.235098288194;0.257726012983;0.157774935631;0.260374141327;0.257726012983;0.264388177023;0.148693632067;0.235546606765;0.239184926027;0.20931163772;0.210936071811;0.258499315527;0.174435176722;0.239006096366;0.257726012983;0.282415184445;0.27389244178;0.100285273575;0.257570016374;0.294409640943;0.167023213852;0.247605007542;0.158749745074;0.248409421964;0.174443729565;0.214309000396;0.163087172221;0.275670967846;0.275670967846
big-slalom;0.237648796641;0.302810090166;0.265008026;0.193775593477;0.267649378553;0.113729436866;0.188936478379;0.330838204577;0.283899087597;0.0566696565502;0.237648796641;0.310283852345;0.22344885828;0.244109701461;0.266098168251;0.270289356407;0.192568271393;0.146420739029;0.25130486644;0.25233641938;0.237648796641;0.27999610997;0.270460460332;0.166368656228;0.244109701461;0.201603565002;0.292802545163;0.282415184445;0.0;0.288222308197;0.240493835841;0.155978784547;0.288370228927;0.239805291006;0.304572723325;0.243477024726;0.283748836031;0.198227832264;0.143210618843;0.243577089863;0.0;0.318671297878;0.25233641938;0.0798410464098;0.11651015666;0.290861007854;0.302397815279;0.223606502266;0.306949136572;0.27999610997;0.291813958882;0.290136220632;0.296298230489;0.146526190948;0.151005556721;0.304572723325;0.296118070146;0.0993869570374;0.0913038842721;0.0420560698966;0.276841992949;0.0405104719114;0.0420560698966;0.148985027738;0.254152081999;0.241979639875;0.243062831468;0.290203108388;0.318883614087;0.0546884107639;0.294572055974;0.0798410464098;0.0420560698966;0.0;0.28966386255;0.25882859128;0.0593825623381;0.155978784547;0.283323698311;0.297424592746;0.300960078284;0.257317157454;0.294435274195;0.279408253656;0.295007999601;0.288010558977;0.288010558977
